TRAINING
MSE: 0.000002
MAE: 0.000361
R2: 0.952361
TEST
MSE: 0.000017
MAE: 0.000552
R2: 0.600235
VALIDATION
MSE: 0.000007
MAE: 0.000588
R2: 0.790943
