TRAINING
MSE: 0.001062
MAE: 0.003724
R2: 0.970033
TEST
MSE: 0.001062
MAE: 0.003700
R2: 0.970039
VALIDATION
MSE: 0.001062
MAE: 0.003698
R2: 0.970039
