CASE: KMeans
TRAINING
MSE: 0.000000
MAE: 0.000057
R2: 0.999945
TEST
MSE: 0.000162
MAE: 0.001076
R2: 0.885929
VALIDATION

MSE: 0.000116
MAE: 0.000953
R2: 0.924000
