TRAINING
MSE: 0.000001
MAE: 0.000375
R2: 0.998393
TEST
MSE: 0.000122
MAE: 0.001241
R2: 0.855220
VALIDATION
MSE: 0.000104
MAE: 0.001180
R2: 0.830672
