TRAINING
MSE: 0.000001
MAE: 0.000476
R2: 0.999952
TEST
MSE: 0.001696
MAE: 0.008412
R2: 0.861660
VALIDATION
MSE: 0.001835
MAE: 0.009722
R2: 0.879108
