TRAINING
MSE: 0.000000
MAE: 0.000043
R2: 0.999940
TEST
MSE: 0.000164
MAE: 0.001098
R2: 0.884263
VALIDATION
MSE: 0.000141
MAE: 0.000987
R2: 0.907969

